nb_nodes = 100;
nb_data = 20;
makespan = 221506;
data_sizes = [10240, 2048, 1024, 1024, 20480, 40960, 1024, 20480, 20480, 2048, 40960, 1024, 10240, 40960, 5120, 40960, 40960, 40960, 40960, 10240];
work_duration = [100, 50, 50, 70, 50, 1, 80, 1, 100, 80, 1, 50, 1, 70, 10, 10, 100, 80, 80, 10];
bandwidths = [15, 29, 126, 16, 76, 103, 40, 123, 101, 39, 23, 56, 105, 60, 92, 85, 96, 22, 60, 58, 97, 94, 80, 60, 100, 119, 117, 46, 84, 95, 94, 43, 107, 63, 29, 18, 32, 20, 71, 122, 26, 46, 49, 104, 76, 25, 93, 59, 111, 88, 692, 678, 745, 724, 736, 721, 735, 654, 776, 771, 732, 616, 658, 781, 608, 660, 738, 746, 721, 624, 705, 772, 615, 627, 714, 718, 713, 625, 603, 660, 654, 642, 667, 673, 800, 639, 614, 791, 722, 640, 647, 660, 745, 758, 744, 652, 667, 676, 618, 744];
cpus = [1.7033694783036721, 1.2693810391838238, 1.7443694361652025, 1.6495417636939438, 1.2405017722839637, 1.6173695692324743, 1.5994356286635383, 1.306009779053729, 1.8864011770160887, 1.3056584758388061, 1.3702539996238894, 1.3948773185330912, 1.8878411006018183, 1.1373087791385303, 1.3224961095478023, 1.947877590341855, 1.076510663706115, 1.3183267599623179, 1.9531320334307967, 1.6992528886908402, 1.3907977702502736, 2.0303200464837436, 1.6984761170167664, 1.1797427431381213, 9.701564718484871, 8.738457003959498, 6.223751790197136, 7.261812192236327, 9.65254449674218, 7.258711523193911, 9.53873261554681, 7.05952066599221, 8.15590915866916, 9.591291534409908, 9.989303111956644, 6.363637648695176, 6.611365277393045, 7.688639867198736, 8.383553713444513, 9.884313510454472, 8.721133641026075, 8.14788132163518, 7.360701892124181, 7.814894825316825, 7.053556203004363, 8.0307266984173, 7.193779165794531, 6.795644407058932, 8.157516120478503, 9.67397397758281, 1.0214244166244155, 1.9148320822972975, 1.2649587516919565, 1.0942187972746666, 2.0757829430450676, 1.141230610949739, 1.1816396548715404, 1.4654517342209756, 1.830791716299386, 1.3428879204309845, 1.4819100923059545, 1.2726961750326087, 1.6471395903029566, 1.0079099228836028, 1.25183596219227, 1.0779430848775189, 1.53395594906554, 2.029065664638738, 1.2672969666352971, 1.2094509057980656, 1.3897273232485092, 1.8019834344058356, 1.710797726424483, 1.3732328659344595, 6.7608356337632465, 6.733952143148933, 9.69306239710405, 9.42386756987349, 9.997129873650906, 9.70546793203251, 7.942564501802874, 9.609771462042195, 9.941235375118904, 9.140517427176487, 9.829270563438692, 8.873633101185304, 6.870803593656699, 8.168780805497097, 6.200569349055814, 9.410879568193142, 8.031313987973673, 6.271843453503029, 9.766384508916357, 8.378076614133764, 8.62949265789009, 9.738825030945709, 7.256735451182305, 8.686760891839885, 9.716073326822057, 8.484637021972372];
energy_consumptions = [[]];
nb_works = [6, 11, 7, 3, 12, 9, 15, 13, 10, 12, 3, 8, 8, 9, 12, 12, 9, 3, 6, 8];
node_free_timespan = [];
