nb_nodes = 8;
nb_data = 1;
makespan = 221506;
data_sizes = [20480];
work_duration = [1];
bandwidths = [15.0, 29.0, 126.0, 16.0, 729.0, 783.0, 656.0, 601.0];
cpus = [1.7033694783036721, 1.2693810391838238, 8.706797949691644, 8.36197004979616, 1.2405017722839637, 1.6173695692324743, 8.179765922412866, 7.112762832922651];
transfers_time = [|1365,|706,|162,|1280,|28,|26,|31,|34,|];
nb_works = [18];
node_free_timespan = [0, 0, 0, 0, 0, 0, 0, 0];
