nb_nodes = 50;
nb_data = 20;
makespan = 221506;
data_sizes = [10240, 2048, 1024, 1024, 20480, 40960, 1024, 20480, 20480, 2048, 40960, 1024, 10240, 40960, 5120, 40960, 40960, 40960, 40960, 10240];
work_duration = [100, 50, 50, 70, 50, 1, 80, 1, 100, 80, 1, 50, 1, 70, 10, 10, 100, 80, 80, 10];
bandwidths = [15, 29, 126, 16, 76, 103, 40, 123, 101, 39, 23, 56, 105, 60, 92, 85, 96, 22, 60, 58, 97, 94, 80, 60, 100, 796, 608, 616, 783, 701, 636, 743, 709, 656, 726, 628, 774, 697, 664, 602, 737, 687, 716, 784, 645, 760, 755, 641, 735, 725];
cpus = [1.7033694783036721, 1.2693810391838238, 1.7443694361652025, 1.6495417636939438, 1.2405017722839637, 1.6173695692324743, 1.5994356286635383, 1.306009779053729, 1.8864011770160887, 1.3056584758388061, 1.3702539996238894, 1.3948773185330912, 9.22851309309752, 6.499304651412837, 7.172713125628372, 9.44682760124311, 6.278220595294964, 7.157551854408428, 9.465934667021079, 8.542737777057601, 7.421082800910086, 9.746618350849976, 8.539913152788241, 6.653609975047713, 9.701564718484871, 1.7530756760888622, 1.2519528791605148, 1.441281265724562, 2.03720068576856, 1.7209825318243681, 1.7071370572204667, 1.2712902584633818, 1.8217151928174837, 1.439340555654437, 1.1521649193799415, 1.051828012967208, 1.1759802018946952, 6.254110824607828, 7.872199551138709, 9.443118808937992, 6.458206971934747, 9.074394930629783, 7.73906100267642, 8.888368245239644, 8.002344452201193, 6.42564329119082, 8.555797979464021, 7.495655410364591, 9.114505914522233, 8.395778337840916];
energy_consumptions = [[]];
nb_works = [6, 11, 7, 3, 12, 9, 15, 13, 10, 12, 3, 8, 8, 9, 12, 12, 9, 3, 6, 8];
node_free_timespan = [];
starting_times = [10, 10, 13, 16, 29, 40, 63, 64, 69, 69, 72, 79, 79, 81, 92, 100, 102, 111, 128, 128];
