nb_nodes = 18;
nb_data = 50;
makespan = 221506;
data_sizes = [20480, 71680, 102400, 51200, 102400, 102400, 20480, 51200, 20480, 20480, 102400, 40960, 102400, 40960, 71680, 20480, 51200, 10240, 102400, 10240, 71680, 40960, 102400, 40960, 40960, 51200, 71680, 10240, 71680, 40960, 71680, 40960, 10240, 20480, 71680, 102400, 71680, 102400, 20480, 71680, 71680, 51200, 71680, 20480, 40960, 71680, 20480, 102400, 10240, 10240];
work_duration = [70, 10, 100, 50, 70, 50, 10, 70, 10, 70, 80, 50, 50, 100, 80, 70, 100, 10, 50, 100, 80, 100, 10, 100, 10, 50, 70, 100, 100, 50, 100, 100, 10, 70, 50, 10, 10, 50, 100, 100, 50, 70, 80, 10, 10, 100, 100, 10, 50, 70];
bandwidths = [15, 29, 126, 16, 76, 103, 40, 123, 101, 655, 623, 688, 786, 696, 760, 747, 769, 620];
cpus = [1.7033694783036721, 1.2693810391838238, 1.7443694361652025, 1.6495417636939438, 6.8745518992144135, 8.244980251754452, 8.179765922412866, 7.112762832922651, 9.223277007331232, 1.3056584758388061, 1.3702539996238894, 1.3948773185330912, 1.8878411006018183, 6.499304651412837, 7.172713125628372, 9.44682760124311, 6.278220595294964, 7.157551854408428];
energy_consumptions = [[]];
nb_works = [12, 9, 6, 8, 13, 18, 11, 2, 9, 19, 16, 15, 5, 18, 19, 13, 5, 3, 5, 14, 13, 15, 18, 4, 11, 14, 1, 6, 10, 7, 6, 1, 16, 12, 2, 3, 16, 5, 16, 9, 14, 7, 12, 15, 8, 1, 8, 1, 2, 2];
node_free_timespan = [];
starting_times = [102, 104, 136, 161, 295, 408, 630, 640, 694, 697, 722, 792, 795, 817, 922, 1001, 1026, 1115, 1281, 1281, 1445, 1565, 1607, 1623, 1939, 1980, 1989, 2000, 2188, 2280, 2445, 2576, 2652, 3014, 3062, 3142, 3319, 3415, 3613, 3699, 3821, 3826, 3852, 3886, 3894, 3921, 3931, 3964, 4065, 4110];
