nb_nodes = 8;
nb_data = 5;
makespan = 221506;
data_sizes = [71680, 10240, 20480, 10240, 102400];
work_duration = [10, 10, 50, 100, 50];
bandwidths = [15, 29, 126, 16, 729, 783, 656, 601];
cpus = [1.7033694783036721, 1.2693810391838238, 8.706797949691644, 8.36197004979616, 1.2405017722839637, 1.6173695692324743, 8.179765922412866, 7.112762832922651];
energy_consumptions = [[]];
nb_works = [18, 14, 3, 17, 18];
node_free_timespan = [];
starting_times = [10, 10, 13, 16, 29];
